D
533 756
-832 174
72 -646
354 -485
768 -1852
-1021 -1149
-1932 -982
533 756
159 -609
-837 -116
1338 401
-600 -250
832 -174
72 -646
1777 -1421
-87 -416
-125 300
-375 200
43 924
1758 1357
1288 -1503
87 416
838 -531
875 300
-1536 1652
-507 676
-165 -1488
627 -364
623 -1703
-1122 1613
-125 300
1058 1287
-507 676
1492 716
525 -500
-125 300
-507 -676
-43 -924
533 -756
-1412 1831
507 -676
-313 -1224
608 -594
687 1051
72 646
-1761 951
169 81
-297 -304
-191 -1645
-268 -609
-183 236
231 -1490
-1378 946
-1081 -1080
533 756
-125 -300
-1727 1495
-507 676
-741 -1310
323 36
-188 -921
1487 1524
-253 204
-608 594
-1287 563
-400 -750
426 -1083
400 750
408 506
837 116
1367 -1413
1559 -1538
1350 -1039
333 644
323 36
-323 36
297 -304
-279 1321
405 -1861
420 -758
-835 625
1643 -1706
-255 -1376
506 -1439
253 204
1084 150
-87 -416
1915 -1921
323 -36
-1411 560
-581 183
1904 -13
-533 -756
507 676
87 -416
-837 -116
-375 -200
-208 -1055
1277 1586
533 756
