y
-1786 -1748
236 -1589
-1405 177
1570 462
728 1125
1581 303
-1189 688
-990 905
-1697 1127
-1738 903
820 -1762
1797 1538
-1045 1420
763 1989
-1248 667
1421 -1794
1706 -389
1879 -819
-134 407
-531 -91
799 -1024
-678 1837
-990 102
-1755 -198
928 242
-1341 1821
-1507 229
-1130 265
-1619 347
-150 1567
483 741
1470 621
-495 905
162 522
1289 198
-884 290
586 836
207 850
-1988 177
-1435 645
-906 -13
-901 705
-1116 667
-1516 -274
-1825 409
-711 -1284
-65 1524
1608 270
-236 749
442 -361
1544 270
1851 -1478
-201 -91
-863 6
1540 177
-637 645
-157 731
-681 988
872 -1930
-1742 458
-138 -1522
494 -286
328 -91
-746 682
-1924 -788
-1631 1024
-951 265
614 72
-1106 -33
244 -234
1276 198
569 458
157 229
556 133
-351 741
-1396 270
1142 329
-101 1868
41 -1805
-819 1950
-357 645
-1216 -1024
-709 27
-1992 -437
-341 902
-879 578
788 -705
-1008 -157
1209 878
979 265
-1788 462
1923 1685
-147 -800
1815 421
1554 905
890 -168
155 1806
1197 845
-1177 6
-1072 -820
