X
906 657
906 657
904 432
899 -487
899 -487
832 13
679 -664
661 866
840 -785
522 -168
832 13
679 -664
276 93
369 252
678 741
276 93
369 252
522 -168
678 741
217 -729
522 -168
778 -725
607 618
508 720
193 243
145 444
217 -729
-213 764
217 -729
79 -379
522 -168
217 -729
193 243
103 -899
33 -303
189 -828
109 -364
600 -716
-609 742
48 -681
-255 836
96 -189
189 -828
33 -303
193 243
508 720
145 444
320 563
331 350
-57 604
-609 742
-9 137
33 -303
-211 -61
153 917
-587 -182
-369 844
-275 -602
-260 413
-57 604
-26 -209
508 720
103 -899
-247 727
-429 -617
158 -2
-810 -337
-255 836
-211 -61
-587 -182
-629 627
158 -2
-26 -209
-969 864
-182 -720
-992 556
-767 949
-767 949
-612 -60
-275 -602
-182 -720
-455 336
-909 -816
79 -379
-247 727
48 -681
96 -189
-335 -983
-170 287
-654 299
-810 -337
-9 137
232 -699
-275 -602
103 -899
276 93
-213 764
-57 604
33 -303
-369 844
